src dst
0 1832
1 96
1 1560
1 3099
2 2678
2 3714
2 3767
2 3891
3 1891
3 3623
4 3088
5 1556
5 1907
5 2411
5 3782
5 3979
10 494
10 974
12 3116
13 1134
13 1726
13 1878
13 2406
15 235
15 3223
19 492
19 823
19 2029
19 3539
20 262
20 1080
20 2024
20 2350
20 2533
20 2673
20 2873
20 3290
20 3404
22 793
22 2421
23 2353
25 2181
26 631
27 492
27 1080
27 1885
27 2915
27 2964
27 3539
28 165
28 1983
29 444
29 458
29 1309
29 1818
29 2651
35 71
35 1710
36 1609
36 3613
37 114
37 566
37 1207
37 1469
38 2055
39 1853
41 1386
41 3631
43 287
43 346
43 1555
43 1963
46 215
47 1566
47 3888
51 2833
52 1373
52 2139
53 375
53 695
53 2392
53 3203
55 3217
56 3303
57 677
57 3456
58 141
58 1914
60 400
60 643
65 630
67 469
67 1160
67 1556
67 2172
67 2174
67 2281
67 2765
67 3019
67 3459
67 3649
67 3922
68 929
68 1489
70 2274
71 35
71 258
71 367
71 540
71 587
71 683
71 902
71 1094
71 1106
71 1269
71 1519
71 1710
71 1720
71 2207
71 2468
71 3409
71 3650
71 3653
71 3654
71 3680
71 3927
71 4004
72 3288
73 184
76 2430
77 2420
78 184
78 199
78 394
78 475
78 594
78 614
78 755
78 916
78 926
78 948
78 1004
78 1349
78 1664
78 1705
78 1792
78 2238
78 2245
78 2364
78 2466
78 2729
78 2950
78 2954
78 3262
78 3488
79 81
81 79
81 291
81 1332
81 1815
82 3544
83 1467
84 3663
86 3249
86 3714
87 360
87 1098
87 1620
87 1677
87 3218
88 515
89 2098
89 2698
90 1677
90 2040
90 2344
92 1677
92 2448
92 2574
93 3281
93 3709
94 2798
95 823
95 1566
95 1904
95 3044
95 3660
96 1
96 1560
96 3099
96 3189
97 1904
98 2091
98 2718
99 338
99 3868
102 1496
102 1825
102 2504
102 2603
102 3348
106 1655
106 1833
106 2019
107 2322
109 1065
109 1604
114 37
114 1207
114 1469
115 3799
115 3933
117 3529
118 3938
119 1212
122 1843
122 3415
126 3722
127 2941
127 3351
128 3017
134 137
134 991
134 1030
135 807
135 1236
135 2846
135 3024
135 3301
135 3700
136 420
136 976
136 3270
137 134
137 965
137 1030
137 1275
137 2231
137 3120
137 3747
137 3847
139 2098
139 3107
139 3405
141 58
141 1914
144 2115
144 3069
145 966
145 1166
145 2080
145 2162
146 2553
147 205
147 287
147 391
147 442
147 469
147 596
147 848
147 972
147 1269
147 1381
147 1586
147 1702
147 1822
147 2070
147 2949
147 3019
147 3027
147 3206
147 3687
147 3837
147 3853
147 4002
149 1907
150 1440
151 540
151 1413
152 1616
152 1937
154 3028
157 491
157 584
159 3880
161 835
162 826
162 1070
162 1731
162 2092
162 3902
163 238
163 3328
164 794
165 28
166 762
166 2699
166 3381
167 1743
167 3073
170 3829
171 670
171 1354
171 3560
172 2481
173 2470
175 2949
176 469
176 3469
179 1296
180 1498
181 2727
183 1589
184 73
184 78
184 199
184 478
184 959
184 1004
184 1080
184 1098
184 1430
184 2167
184 2395
184 2635
184 2795
184 2798
186 793
188 2127
189 2339
191 319
191 1292
191 1760
191 2219
192 1714
192 2379
192 3734
193 1111
193 3515
194 1338
194 2318
198 1760
199 78
199 184
199 256
199 302
199 453
199 651
199 687
199 749
199 926
199 1080
199 1227
199 1574
199 1635
199 1677
199 2036
199 2159
199 2431
199 2869
199 2916
199 2964
199 3088
199 3109
199 3270
199 3396
199 3660
200 586
200 806
200 1022
200 1130
200 1763
200 2578
200 2873
200 3538
200 3600
204 2012
205 147
205 1226
205 2021
205 2148
205 2266
205 2493
205 2532
205 2769
205 2801
205 3027
205 3326
205 3343
205 3386
205 3582
205 3750
205 3971
205 4002
208 453
208 542
208 2321
208 3361
208 3600
209 873
209 878
209 961
209 1584
209 3047
209 3614
211 2831
211 3485
212 1498
212 2359
213 1105
213 2423
214 858
214 2005
215 46
217 3536
218 484
218 879
218 3088
219 1160
219 1556
219 2174
219 3019
219 3922
220 1723
220 2930
221 1713
223 1346
224 3675
225 1823
225 2123
225 2234
225 3127
226 310
226 538
226 539
226 2505
226 2868
227 2772
228 1247
228 3503
230 3456
232 1150
232 3165
235 15
235 2157
235 3223
238 163
238 1664
238 3798
240 2435
240 2680
241 392
241 1321
241 3374
242 1498
243 266
243 3982
244 1285
244 2201
244 4054
245 478
246 3577
250 1596
250 3137
251 1253
251 3167
251 3737
252 2955
253 1563
254 1921
256 199
256 1350
256 1574
258 71
258 902
258 3653
259 3264
259 3959
261 1180
262 20
262 3404
262 3917
263 1984
263 3074
266 243
267 808
267 978
267 1650
267 1778
267 2375
267 3361
267 3593
269 1810
269 3018
270 2092
272 636
272 2466
273 653
273 1321
273 1596
273 2423
273 2548
274 463
274 3217
274 3398
276 816
276 931
276 1425
276 1904
276 3615
276 3750
277 1160
277 2672
277 3455
278 1750
279 1918
279 3763
281 1925
281 2350
281 3041
282 1685
282 1825
282 2656
284 1404
284 1443
286 1479
287 43
287 147
287 709
287 1011
287 1555
287 2608
287 3361
287 3687
287 3690
287 3748
288 791
291 81
291 1332
291 1815
291 2081
294 1993
297 2018
297 2726
298 2239
298 3456
299 1259
299 2851
299 3658
300 1526
300 2726
300 3827
301 521
301 3356
302 199
302 1574
302 2159
302 2964
302 3163
302 3396
303 1148
303 3354
305 1082
307 2322
308 2629
310 226
310 3154
312 1058
312 1064
312 2115
312 2363
313 3617
314 494
314 1111
314 2464
314 2596
314 2961
315 1519
316 463
317 1251
319 191
319 1292
319 2219
320 1723
321 3248
321 4010
322 999
322 2028
322 3080
325 590
325 1213
325 1443
325 2380
326 696
326 1321
327 832
327 1104
327 1249
327 1639
327 3911
328 3024
328 3561
329 855
329 1047
329 1312
329 2636
329 2689
329 2849
329 3070
329 3162
329 3959
330 1204
330 1547
332 3677
333 469
333 1548
333 3043
336 1817
336 2401
336 2695
336 3100
336 3456
336 3489
336 3704
338 99
338 1901
338 2897
338 3868
340 2666
341 820
341 1305
341 1749
343 1529
343 3873
345 1587
346 43
349 1006
350 740
351 2311
355 751
355 3109
356 1674
356 2609
357 946
357 3361
359 801
359 2565
360 87
360 1098
360 1677
361 2400
361 2968
361 2983
363 948
363 2027
366 980
367 71
368 819
368 829
368 1118
368 2293
368 3023
368 3088
368 3628
370 3614
373 624
373 1987
373 3968
374 1098
374 3876
375 53
375 793
375 1738
375 3645
376 2464
378 1782
378 2475
378 2519
378 3615
378 3903
382 1894
384 1646
384 2812
384 2949
384 3101
384 3497
384 3841
385 752
385 3287
387 1788
388 2411
389 692
389 779
389 1466
389 2090
389 2430
390 823
390 1620
390 1904
390 3011
391 147
391 586
391 735
391 751
391 776
391 1465
391 1718
391 2680
391 2702
391 2949
391 2996
391 3364
391 3741
391 3853
391 3981
391 4001
392 241
392 682
393 3252
394 78
394 533
394 830
394 975
394 1697
394 1896
394 2092
394 3660
394 3840
395 1039
397 1705
397 1822
399 2109
399 3452
400 60
400 643
402 469
403 700
403 2954
404 478
404 4012
405 3015
411 726
412 552
414 1622
414 3727
415 2259
416 2578
416 3188
418 3456
419 1040
419 2065
420 136
420 976
420 2828
424 742
425 1626
425 2130
425 2285
425 3643
426 1103
426 1737
426 2028
426 3290
426 3514
428 1031
429 1556
429 2752
430 893
432 1976
433 1262
433 2297
433 2935
435 2949
436 1047
436 2719
438 1091
439 588
439 3081
440 805
440 1548
440 3043
440 3123
442 147
443 1677
443 1852
443 2795
444 29
444 831
444 1305
444 2375
444 2862
444 3903
445 1340
446 545
446 4025
449 3129
450 451
450 1047
450 2309
451 450
451 1047
451 2309
451 2693
451 2719
452 1137
453 199
453 208
458 29
458 1059
458 1818
458 2651
460 1810
460 2509
461 2596
463 274
463 316
463 1330
463 2645
463 3137
463 3217
463 3398
463 3434
464 1202
464 1810
464 2692
465 469
465 1192
465 3643
468 2130
469 67
469 147
469 176
469 333
469 402
469 465
469 633
469 750
469 983
469 1045
469 1160
469 1183
469 1192
469 1548
469 1556
469 1828
469 2050
469 2172
469 2174
469 2232
469 2281
469 2693
469 2765
469 2794
469 3019
469 3043
469 3141
469 3401
469 3459
469 3469
469 3575
469 3637
469 3643
469 3649
469 3681
471 1119
471 2249
473 1408
474 2715
474 3189
474 3614
474 3958
475 78
475 931
475 1664
475 1904
475 3060
475 3453
475 3872
476 1107
478 184
478 245
478 404
478 492
478 545
478 558
478 836
478 1430
478 1439
478 1739
478 1845
478 2297
478 3094
478 3483
478 3507
479 644
480 1065
480 1251
480 2478
480 2863
480 3280
480 3375
480 3990
481 1855
482 3012
484 218
486 551
487 2278
488 1109
490 1874
491 157
491 584
492 19
492 27
492 478
492 501
492 545
492 823
492 1430
492 1885
492 1989
492 3994
493 2879
494 10
494 314
494 1667
494 1677
494 2464
494 2596
494 3361
495 1584
495 1835
498 3679
499 3866
501 492
501 680
501 823
501 830
501 1989
501 2871
504 1223
504 2999
506 751
506 1849
506 2707
506 2819
506 3054
506 3981
510 2097
510 3372
513 3823
515 88
516 1122
516 2580
517 987
517 1297
517 2644
520 2150
521 301
521 2306
524 695
524 2590
524 3203
524 3339
524 3585
527 2053
529 3474
530 993
530 1362
531 780
531 1402
531 1412
533 394
533 1449
533 2200
536 827
536 2169
538 226
538 2505
539 226
539 2868
540 71
540 151
540 1413
540 1619
540 2115
540 2736
541 1878
541 2891
541 3255
541 3539
541 3614
541 3914
542 208
544 1810
545 446
545 478
545 492
545 720
545 751
545 911
545 916
545 978
545 1039
545 1147
545 1684
545 1885
545 1903
545 2193
545 2451
545 2627
545 2954
545 3061
545 3188
545 3361
545 3364
545 3438
545 3440
545 3474
545 3744
545 3750
545 3887
545 3994
545 4025
546 1642
547 762
547 3065
548 793
549 2235
551 486
551 815
551 1438
551 1469
551 1522
551 1655
551 1777
551 1952
551 2019
551 2069
551 2256
551 2598
551 3369
551 3456
551 3573
552 412
553 1496
554 820
554 1045
554 2273
554 2700
554 2856
554 2949
554 3393
554 3680
558 478
558 1262
558 3436
561 814
561 3333
562 2469
562 3865
563 3846
564 3565
564 4010
565 2424
566 37
566 1207
566 2598
569 3202
572 1098
572 3496
576 665
576 1182
577 3022
580 3508
581 1753
581 1962
581 2341
583 2885
584 157
584 491
586 200
586 391
586 638
586 831
586 873
586 1022
586 1584
586 1659
586 1669
586 1813
586 2102
586 2815
586 2862
586 2873
586 2996
586 3047
586 3206
586 3361
587 71
587 1106
588 439
588 1177
588 3701
588 3806
589 2621
590 325
590 1443
590 2380
590 2737
594 78
594 1098
596 147
596 972
596 2693
596 3019
597 2801
598 1261
598 3030
601 3942
602 1942
603 1411
605 1856
605 2142
605 2984
606 1050
609 2085
611 845
611 1553
611 1902
611 2017
612 1561
612 1864
612 3224
613 667
613 2517
613 3435
614 78
614 2237
614 2451
614 2723
614 3539
616 981
616 1558
618 3338
619 1584
620 2100
624 373
624 1987
624 3968
629 1335
630 65
631 26
631 3576
631 3637
633 469
633 1828
633 3575
635 2856
635 3636
635 3680
636 272
636 2466
638 586
638 741
638 873
638 1938
638 3047
638 3614
640 1439
640 2297
643 60
643 400
643 3603
644 479
644 826
644 916
644 3418
645 909
645 1952
645 2888
645 3160
647 665
650 1552
650 1553
651 199
651 3088
653 273
654 2962
655 2409
656 831
656 3361
657 1162
657 2928
659 2035
660 1474
662 1874
665 576
665 647
665 1461
665 2212
665 2907
665 3361
665 3903
667 613
667 2244
668 2249
670 171
670 1968
670 3191
670 3560
671 1047
671 2499
673 2293
675 836
675 2148
675 2198
677 57
679 1483
679 2514
680 501
682 392
683 71
683 2207
683 3819
684 1248
684 3646
687 199
689 1835
690 1351
692 389
692 1327
692 1810
692 2899
692 3186
693 1658
695 53
695 524
695 1771
695 3203
695 3339
696 326
696 1245
697 892
697 3321
698 3052
700 403
705 2769
709 287
709 1165
709 1414
709 2332
709 2671
709 3361
709 3456
709 3596
709 4047
710 1489
710 1532
711 968
714 2128
715 1004
715 3865
716 1124
716 1571
718 1805
720 545
720 2640
720 2954
720 3188
720 3802
720 3923
721 1944
722 3464
723 2699
724 1262
725 1107
725 1677
725 3877
726 411
726 1629
726 3265
726 3825
726 3929
727 2397
729 3081
731 3291
733 1560
734 1601
735 391
736 3830
738 876
738 3252
738 3380
739 3834
740 350
740 1019
740 1957
740 2197
740 2522
741 638
741 3614
741 3780
742 424
742 1696
742 2612
743 793
743 885
744 2561
745 1128
747 4041
748 2404
749 199
749 2869
749 2950
749 3270
749 3539
749 3633
750 469
751 355
751 391
751 506
751 545
751 1147
751 1364
751 1584
751 1849
751 2117
751 2680
751 2702
751 2707
751 2819
751 3054
751 3981
751 4001
752 385
752 3196
752 3287
755 78
756 1020
756 2308
758 2456
762 166
762 547
762 1856
763 789
765 2382
766 4049
767 3129
769 2344
769 3255
773 1484
774 3020
775 3658
776 391
776 1718
776 2183
777 3637
778 869
778 1974
778 2843
779 389
779 2568
779 3361
779 4018
780 531
781 1030
781 3521
783 996
783 1822
784 1807
784 2308
784 3205
788 806
788 2012
788 4005
789 763
791 288
793 22
793 186
793 375
793 548
793 743
793 864
793 1553
793 1917
793 2264
793 2421
793 2921
793 3962
794 164
795 3226
798 816
798 1075
798 1753
798 1939
798 2068
798 2341
798 3359
798 3471
798 3712
801 359
801 2565
802 2063
802 2748
803 3644
804 1896
805 440
805 2876
805 3043
805 3123
806 200
806 788
806 1763
806 2175
806 2578
806 2703
806 2894
806 3538
806 3600
807 135
807 1490
808 267
808 1650
808 3163
809 939
809 1952
809 3261
813 865
813 1952
813 2822
813 3004
813 3984
814 561
814 3333
815 551
815 1522
816 276
816 798
816 823
816 830
816 978
816 1107
816 1449
816 1589
816 1677
816 1939
816 2321
816 2769
816 3044
816 3712
816 3750
817 1099
818 1236
818 1653
818 3784
819 368
820 341
820 554
820 1749
820 1822
820 2949
823 19
823 95
823 390
823 492
823 501
823 816
823 830
823 1066
823 1070
823 1449
823 1508
823 1620
823 1677
823 1727
823 1729
823 1756
823 1904
823 2092
823 3044
823 3418
823 3539
824 2182
825 2199
825 2447
825 2718
826 162
826 644
826 1039
826 3080
826 3096
826 3902
827 536
827 2169
828 3782
829 368
829 1401
830 394
830 501
830 816
830 823
830 1449
830 1589
830 1615
830 1896
830 1939
830 1992
830 2092
830 2225
830 2769
830 3044
830 3840
831 444
831 586
831 656
831 2375
831 2862
831 3047
831 3299
831 3361
832 327
833 1804
835 161
836 478
836 675
836 1238
836 1492
836 2148
836 3368
836 3488
837 873
837 1051
837 1410
837 1469
837 1664
837 1707
837 1985
837 2601
837 2658
837 3577
837 3665
837 3676
838 3020
838 3761
843 883
843 1104
843 1718
843 1843
843 3894
843 3923
845 611
847 860
848 147
848 1269
848 2949
849 2569
849 2949
851 2563
852 1274
854 3059
855 329
855 2849
855 3162
857 2907
857 3361
858 214
858 2757
858 3428
860 847
860 1032
862 2673
863 1215
863 1847
863 1864
863 2017
864 793
865 813
865 1952
865 2822
865 3004
866 1904
867 999
867 1620
867 1677
867 2924
867 3543
868 3049
868 3494
869 778
869 1974
869 2843
870 3405
871 1718
872 2449
872 2792
873 209
873 586
873 638
873 837
873 1572
873 1664
873 1938
873 2102
873 2873
873 3047
873 3157
873 3676
876 738
876 3252
878 209
878 961
878 2434
879 218
879 3327
880 3027
882 3119
882 3645
882 4045
883 843
883 1104
883 3894
885 743
887 2048
887 3680
889 2266
889 3300
891 2601
892 697
892 3321
893 430
895 1646
898 2344
898 2695
900 1945
902 71
902 258
902 1375
902 1710
904 1014
904 1736
905 3784
906 1115
906 1376
906 2666
908 1827
909 645
909 1952
909 2888
909 3160
911 545
911 2148
911 2290
911 2422
911 2801
911 3526
912 3662
914 2470
915 3599
916 78
916 545
916 644
916 1799
916 3188
916 3418
916 3438
920 2826
921 2899
924 3850
925 2803
925 3382
926 78
926 199
926 2877
926 3088
929 68
929 2046
930 3994
931 276
931 475
931 1064
931 1425
931 1904
931 2661
931 2873
931 2949
931 3308
933 2068
936 1557
938 2403
939 809
940 2444
943 3734
945 2617
946 357
946 3361
946 3593
947 3371
948 78
948 363
948 2027
948 2245
951 3241
952 3460
952 4026
954 3259
959 184
959 2608
961 209
961 878
962 3909
964 2765
965 137
965 1289
965 2374
965 3417
965 3502
966 145
966 2080
967 1733
967 3283
968 711
968 1038
968 1045
968 1735
968 1758
968 2273
968 2278
968 2856
968 2949
968 3532
968 3680
968 3715
968 3841
970 1040
972 147
972 596
972 1305
972 1346
972 1532
972 1652
972 1822
972 2102
972 2232
972 2693
972 2700
972 2801
972 2815
972 2949
972 2996
972 3326
972 3364
972 3624
972 3680
972 3687
972 3698
973 3968
974 10
975 394
975 2547
975 2950
975 3539
975 3664
976 136
976 420
976 2623
977 1337
978 267
978 545
978 816
978 1107
978 3188
978 3440
979 1952
980 366
980 2347
980 3238
980 3626
981 616
981 1385
983 469
983 1548
983 2174
983 2444
983 3043
984 1131
985 1107
985 1740
985 3232
987 517
987 1297
987 2644
989 1677
991 134
991 3362
991 3986
992 1116
992 3320
992 3362
993 530
993 1362
993 2393
996 783
996 1659
996 1822
996 2084
996 2466
996 2531
996 2673
996 3253
996 3994
998 2142
999 322
999 867
999 1012
999 1080
999 1386
999 1620
999 1677
999 1753
999 2028
999 2341
999 2463
999 2924
999 3712
1000 2110
1001 2007
1002 3938
1004 78
1004 184
1004 715
1004 1264
1004 1871
1004 2531
1004 2905
1004 3170
1004 3264
1004 3614
1006 349
1006 2955
1007 3386
1008 4005
1011 287
1012 999
1012 1753
1012 2341
1012 2463
1012 3712
1014 904
1014 1736
1015 1116
1015 1608
1015 1799
1015 1902
1015 2525
1018 1446
1018 2902
1019 740
1019 2197
1020 756
1020 2308
1022 200
1022 586
1022 1659
1022 2873
1022 3206
1030 134
1030 137
1030 781
1030 2231
1031 428
1032 860
1032 1040
1036 2340
1036 2434
1038 968
1038 1045
1038 2949
1038 3532
1039 395
1039 545
1039 826
1039 2761
1040 419
1040 970
1040 1032
1040 1344
1040 1454
1040 2065
1040 3809
1041 1263
1042 1384
1042 1447
1044 2421
1045 469
1045 554
1045 968
1045 1038
1045 2274
1045 2949
1045 3393
1045 3715
1047 329
1047 436
1047 450
1047 451
1047 671
1047 1312
1047 1497
1047 1831
1047 1884
1047 2309
1047 2499
1047 2719
1047 2969
1047 3959
1050 606
1051 837
1051 1469
1051 1496
1051 3577
1052 2146
1053 1347
1053 2173
1057 2840
1058 312
1059 458
1060 3928
1062 3199
1063 3894
1063 3910
1064 312
1064 931
1064 2363
1064 2466
1064 2693
1064 2806
1064 2873
1064 3750
1065 109
1065 480
1065 1251
1065 2478
1065 2648
1065 3280
1066 823
1068 1695
1068 2932
1070 162
1070 823
1070 2092
1071 1160
1071 1918
1071 3420
1073 2127
1075 798
1075 1825
1077 1295
1079 1430
1080 20
1080 27
1080 184
1080 199
1080 999
1080 1430
1080 1599
1080 1885
1080 2094
1080 2583
1080 2673
1080 2915
1080 3109
1080 3351
1080 3539
1080 3659
1080 4012
1081 2457
1081 3263
1082 305
1084 3899
1086 2608
1088 1393
1088 2095
1089 1219
1091 438
1093 3311
1094 71
1094 3650
1094 3927
1097 2101
1098 87
1098 184
1098 360
1098 374
1098 572
1098 594
1098 1677
1098 2102
1098 2238
1098 2290
1098 2451
1098 2915
1098 3255
1098 3378
1098 3496
1098 3539
1098 3876
1098 4032
1099 817
1100 2349
1100 3415
1101 1987
1101 2102
1102 2407
1102 3002
1103 426
1103 1781
1103 2259
1103 2665
1104 327
1104 843
1104 883
1104 2459
1105 213
1105 2423
1106 71
1106 587
1107 476
1107 725
1107 816
1107 978
1107 985
1107 2489
1107 3385
1107 3877
1107 3878
1108 1519
1109 488
1109 3580
1110 1367
1111 193
1111 314
1111 1457
1111 2140
1111 2961
1111 3515
1111 3525
1115 906
1115 1376
1115 2666
1116 992
1116 1015
1116 1799
1116 1822
1116 2282
1116 3024
1116 3320
1118 368
1118 1543
1118 1735
1118 1822
1118 1877
1118 2293
1118 2520
1119 471
1119 2249
1119 3119
1120 1492
1122 516
1122 2580
1124 716
1126 1649
1126 2266
1128 745
1128 1366
1130 200
1130 2578
1131 984
1132 1861
1132 1952
1132 2722
1132 2777
1134 13
1134 1822
1134 3742
1135 1315
1135 1699
1135 2555
1135 3397
1136 2781
1136 3650
1137 452
1137 1641
1138 2387
1138 2874
1139 3518
1140 1416
1140 1902
1141 2063
1143 2538
1143 3239
1145 1215
1147 545
1147 751
1147 3024
1148 303
1148 1195
1148 1470
1148 1490
1148 1656
1148 2518
1148 3354
1149 1632
1149 1874
1149 2028
1149 2533
1149 3166
1149 3255
1149 3807
1150 232
1150 3165
1151 1498
1156 1502
1156 1556
1158 2693
1159 1304
1159 2764
1159 2955
1160 67
1160 219
1160 277
1160 469
1160 1071
1160 1548
1160 1556
1160 1723
1160 1918
1160 2125
1160 2174
1160 2279
1160 2281
1160 2672
1160 3019
1160 3043
1160 3420
1160 3455
1160 3649
1160 3922
1161 1904
1162 657
1163 1368
1165 709
1165 4047
1166 145
1167 1860
1167 2997
1172 1269
1173 1556
1173 2765
1174 2061
1175 1883
1176 2273
1176 3364
1176 3750
1177 588
1177 3806
1178 3134
1180 261
1180 1986
1180 2208
1180 2821
1180 3477
1180 3626
1181 1207
1182 576
1183 469
1186 3361
1188 2465
1190 1597
1190 2507
1190 3598
1192 465
1192 469
1192 3497
1193 2823
1195 1148
1195 1490
1198 2705
1199 2374
1199 3392
1200 2252
1201 3820
1202 464
1204 330
1204 1547
1205 2040
1206 1811
1207 37
1207 114
1207 566
1207 1181
1207 1469
1207 2219
1207 3506
1209 2864
1209 3931
1211 1273
1212 119
1213 325
1213 1443
1213 3553
1215 863
1215 1145
1215 1535
1215 2726
1215 2816
1216 1282
1218 2717
1219 1089
1219 1546
1219 3014
1221 1401
1222 2823
1222 3061
1222 3985
1223 504
1223 2999
1224 2949
1224 3459
1225 3923
1226 205
1226 1600
1226 2493
1226 2532
1226 2876
1226 3954
1227 199
1228 2143
1229 1631
1229 2939
1232 2634
1234 2145
1235 3667
1236 135
1236 818
1236 1653
1236 2238
1236 2864
1236 3426
1236 3539
1236 3784
1237 3106
1237 4027
1238 836
1238 1253
1238 1492
1238 3368
1243 2994
1245 696
1245 1942
1245 2814
1247 228
1247 3503
1248 684
1248 3646
1249 327
1250 1677
1251 317
1251 480
1251 1065
1251 1679
1251 2163
1251 2478
1251 3051
1251 3280
1251 3722
1252 3228
1253 251
1253 1238
1253 1556
1253 1560
1253 1857
1253 2487
1253 3070
1253 3349
1254 3088
1254 3465
1255 3868
1256 2400
1259 299
1259 2851
1259 3658
1260 1519
1260 2214
1261 598
1261 3030
1261 3519
1261 3710
1262 433
1262 558
1262 724
1262 2333
1262 2871
1262 2935
1262 3582
1263 1041
1263 1281
1264 1004
1264 2156
1266 1457
1268 1601
1269 71
1269 147
1269 848
1269 1172
1270 3505
1270 3734
1271 2098
1272 3447
1272 3524
1273 1211
1273 3684
1274 852
1275 137
1276 3501
1276 3750
1276 3780
1278 1341
1278 3723
1281 1263
1282 1216
1283 1588
1284 2989
1284 3126
1285 244
1285 2201
1285 4054
1287 3173
1289 965
1292 191
1292 319
1292 2219
1292 2625
1292 2865
1293 3739
1295 1077
1296 179
1297 517
1297 987
1297 2644
1297 3861
1300 3381
1301 1339
1304 1159
1304 2764
1304 2955
1305 341
1305 444
1305 972
1305 1749
1305 1822
1305 2237
1309 29
1309 2273
1309 2856
1309 3680
1312 329
1312 1047
1312 1831
1312 2408
1312 3959
1313 4033
1314 1832
1315 1135
1315 1699
1315 2555
1315 3397
1316 2637
1317 2483
1318 3107
1321 241
1321 273
1321 326
1321 1936
1321 2186
1321 2478
1321 2863
1321 3339
1321 3521
1322 2731
1322 3714
1323 1845
1326 1393
1326 3378
1327 692
1327 1596
1327 1810
1327 2617
1330 463
1330 3137
1332 81
1332 291
1332 1815
1332 2081
1332 3602
1333 3797
1334 3810
1335 629
1335 3122
1335 3606
1336 2095
1336 2724
1336 3900
1336 4026
1337 977
1338 194
1338 2757
1339 1301
1340 445
1341 1278
1341 2392
1341 3723
1343 3610
1344 1040
1346 223
1346 972
1346 1520
1346 1598
1346 2372
1346 2396
1346 2700
1346 2966
1346 3438
1346 3680
1347 1053
1347 2173
1348 3602
1349 78
1349 2580
1350 256
1350 1574
1351 690
1353 2033
1354 171
1356 3110
1361 1755
1361 3750
1362 530
1362 993
1364 751
1364 1584
1364 2117
1366 1128
1367 1110
1367 2737
1368 1163
1372 2516
1373 52
1373 2139
1375 902
1375 1592
1375 2693
1375 3680
1375 3750
1375 4026
1376 906
1376 1115
1376 2503
1376 2513
1376 2666
1376 3729
1377 1896
1379 1596
1379 2066
1379 4006
1380 2425
1381 147
1384 1042
1384 1447
1385 981
1386 41
1386 999
1386 1986
1386 3111
1386 3631
1387 1957
1393 1088
1393 1326
1393 2005
1393 2991
1393 3378
1396 2738
1397 1961
1399 3359
1401 829
1401 1221
1401 1822
1401 1858
1401 2298
1401 2445
1401 2687
1401 2781
1401 3991
1402 531
1404 284
1405 3256
1406 1952
1408 473
1410 837
1410 3889
1411 603
1412 531
1413 151
1413 540
1414 709
1414 3456
1416 1140
1416 1902
1417 3143
1417 3593
1420 3998
1421 3950
1423 1709
1424 2193
1424 2355
1425 276
1425 931
1425 1904
1426 1811
1427 2108
1428 2323
1429 3720
1430 184
1430 478
1430 492
1430 1079
1430 1080
1430 1885
1430 1978
1430 2094
1430 2802
1430 2915
1430 3094
1430 3351
1430 3539
1430 3994
1431 3193
1432 2059
1432 3074
1434 4032
1437 2059
1438 551
1438 2069
1438 2256
1438 3369
1439 478
1439 640
1439 2297
1440 150
1441 3437
1442 3192
1443 284
1443 325
1443 590
1443 1213
1443 2762
1446 1018
1446 2332
1446 2902
1447 1042
1447 1384
1448 3979
1449 533
1449 816
1449 823
1449 830
1449 2769
1450 1639
1452 1664
1452 1769
1452 2658
1453 2704
1454 1040
1454 3809
1457 1111
1457 1266
1461 665
1461 3903
1462 3686
1464 3740
1465 391
1465 2680
1466 389
1466 2090
1466 2430
1467 83
1467 1927
1467 2424
1467 2638
1467 2671
1469 37
1469 114
1469 551
1469 837
1469 1051
1469 1207
1469 2207
1469 3316
1469 3577
1469 3653
1469 3714
1469 3969
1470 1148
1472 3120
1474 660
1474 3032
1474 3727
1476 3837
1479 286
1479 2893
1480 3190
1482 3104
1483 679
1484 773
1488 1743
1488 3151
1489 68
1489 710
1489 1532
1489 2079
1490 807
1490 1148
1490 1195
1490 1560
1490 3256
1490 3292
1490 3738
1490 4033
1492 836
1492 1120
1492 1238
1492 2670
1492 3368
1493 2377
1493 3217
1493 3653
1493 3678
1494 2149
1494 2571
1494 3858
1496 102
1496 553
1496 1051
1496 1825
1497 1047
1497 3959
1498 180
1498 212
1498 242
1498 1151
1498 2359
1498 3789
1500 1753
1500 4023
1501 2122
1502 1156
1502 1556
1505 1795
1505 2903
1506 2245
1508 823
1508 3898
1510 1617
1510 2686
1510 2993
1510 3548
1511 3280
1512 2871
1513 2412
1514 1906
1514 3188
1514 3438
1515 2580
1516 3533
1517 2253
1517 2588
1518 2439
1518 3849
1519 71
1519 315
1519 1108
1519 1260
1519 1764
1519 1799
1519 2061
1519 2509
1519 3355
1520 1346
1520 2396
1522 551
1522 815
1525 2098
1526 300
1527 1957
1527 2407
1527 3371
1529 343
1529 3873
1530 3036
1532 710
1532 972
1532 1489
1532 1543
1532 2996
1532 3364
1532 3491
1533 2293
1535 1215
1543 1118
1543 1532
1543 2079
1543 2202
1543 2375
1543 2531
1543 3024
1543 3061
1543 3715
1545 2703
1546 1219
1547 330
1547 1204
1548 333
1548 440
1548 469
1548 983
1548 1160
1548 1556
1548 2174
1548 3043
1548 3123
1548 3161
1549 3569
1550 2244
1551 1743
1552 650
1553 611
1553 650
1553 793
1553 2017
1553 2306
1554 2802
1555 43
1555 287
1556 5
1556 67
1556 219
1556 429
1556 469
1556 1156
1556 1160
1556 1173
1556 1253
1556 1502
1556 1548
1556 1607
1556 1836
1556 1857
1556 1859
1556 2050
1556 2174
1556 2444
1556 2456
1556 2487
1556 2579
1556 2693
1556 2697
1556 2752
1556 2765
1556 2773
1556 3019
1556 3043
1556 3306
1556 3541
1556 3605
1556 3649
1556 3841
1556 3922
1557 936
1558 616
1560 1
1560 96
1560 733
1560 1253
1560 1490
1560 2083
1560 2677
1560 2715
1561 612
1561 1864
1561 3224
1562 3445
1563 253
1566 47
1566 95
1566 3660
1566 3888
1569 3340
1569 3744
1571 716
1572 873
1574 199
1574 256
1574 302
1574 1350
1574 2159
1574 2964
1574 3396
1574 3486
1575 2955
1575 3031
1575 3750
1576 2565
1577 2456
1578 2066
1578 2534
1580 3811
1580 3950
1581 2715
1581 2728
1582 4023
1583 2128
1584 209
1584 495
1584 586
1584 619
1584 751
1584 1364
1584 1659
1584 1835
1584 1935
1584 2117
1584 2296
1584 2908
1584 3024
1584 3047
1584 3361
1584 3805
1585 3821
1586 147
1586 3206
1587 345
1588 1283
1588 2890
1589 183
1589 816
1589 830
1589 1939
1589 2181
1589 2640
1591 2951
1592 1375
1593 2594
1594 2710
1594 2874
1594 3089
1595 2721
1595 3361
1596 250
1596 273
1596 1327
1596 1379
1596 1870
1596 2066
1596 2235
1596 2266
1596 2791
1596 3137
1596 3473
1596 3770
1596 4006
1597 1190
1597 2457
1597 2700
1597 2978
1597 3326
1598 1346
1598 2372
1599 1080
1599 2583
1600 1226
1600 3954
1601 734
1601 1268
1601 3533
1602 1747
1604 109
1605 2337
1605 3322
1606 3832
1607 1556
1608 1015
1608 1902
1609 36
1609 3613
1610 3479
1611 2196
1612 2873
1615 830
1615 2225
1615 3044
1616 152
1616 1937
1616 2185
1617 1510
1617 2686
1617 2993
1617 3548
1618 3062
1619 540
1619 2736
1620 87
1620 390
1620 823
1620 867
1620 999
1620 1677
1620 1904
1620 2028
1620 2924
1620 3011
1620 3080
1620 3514
1620 3888
1621 3830
1622 414
1623 1638
1624 1639
1624 3217
1624 4015
1626 425
1626 3643
1629 726
1631 1229
1631 2939
1632 1149
1632 1874
1635 199
1635 1677
1635 2916
1635 3543
1636 2530
1637 2938
1638 1623
1639 327
1639 1450
1639 1624
1641 1137
1642 546
1646 384
1646 895
1646 1671
1646 3825
1647 2786
1649 1126
1649 2266
1650 267
1650 808
1652 972
1652 2815
1652 3698
1653 818
1653 1236
1653 3784
1655 106
1655 551
1655 2598
1655 3573
1656 1148
1656 1889
1658 693
1658 2280
1659 586
1659 996
1659 1022
1659 1584
1659 2084
1659 2531
1659 3024
1661 3047
1661 3364
1661 3750
1662 2818
1664 78
1664 238
1664 475
1664 837
1664 873
1664 1452
1664 1677
1664 1769
1664 2243
1664 2658
1664 2900
1664 2966
1664 3676
1665 2219
1667 494
1667 1677
1667 3361
1667 3539
1668 2364
1669 586
1669 2862
1669 3047
1671 1646
1672 1872
1673 2834
1674 356
1674 2609
1676 3342
1677 87
1677 90
1677 92
1677 199
1677 360
1677 443
1677 494
1677 725
1677 816
1677 823
1677 867
1677 989
1677 999
1677 1098
1677 1250
1677 1620
1677 1635
1677 1664
1677 1667
1677 1727
1677 1729
1677 2040
1677 2321
1677 2344
1677 2448
1677 2574
1677 2693
1677 2795
1677 2851
1677 2916
1677 2924
1677 3009
1677 3044
1677 3361
1677 3660
1677 3877
1678 2012
1678 4005
1679 1251
1679 2121
1679 2802
1679 2951
1679 3564
1679 3656
1683 1894
1684 545
1685 282
1685 2364
1685 3359
1688 2837
1695 1068
1696 742
1696 2612
1697 394
1697 2441
1697 3840
1697 3970
1699 1135
1699 1315
1699 2555
1699 3397
1700 2833
1701 1815
1702 147
1703 2991
1705 78
1705 397
1705 3033
1705 3157
1705 3481
1705 3750
1706 2398
1707 837
1709 1423
1710 35
1710 71
1710 902
1710 3592
1711 3184
1713 221
1714 192
1715 3290
1715 3885
1716 2602
1717 3878
1718 391
1718 776
1718 843
1718 871
1718 1843
1718 2996
1719 3972
1720 71
1721 2056
1723 220
1723 320
1723 1160
1723 2705
1723 2930
1723 3455
1725 2246
1725 2420
1725 2985
1726 13
1726 1790
1726 1878
1726 2406
1727 823
1727 1677
1727 1904
1727 2131
1729 823
1729 1677
1729 1756
1729 1904
1729 3539
1731 162
1731 2092
1733 967
1733 3283
1735 968
1735 1118
1735 1822
1735 2375
1735 2949
1735 3532
1736 904
1736 1014
1737 426
1737 2306
1737 3290
1738 375
1739 478
1739 2451
1739 2770
1739 3507
1740 985
1740 2363
1740 3378
1740 3830
1743 167
1743 1488
1743 1551
1743 1904
1743 2344
1743 2388
1743 3073
1743 3103
1743 3151
1743 3245
1743 3830
1743 4044
1744 3698
1745 2293
1745 2490
1746 2548
1747 1602
1749 341
1749 820
1749 1305
1749 1822
1749 2547
1750 278
1752 2658
1752 2900
1752 2966
1752 3241
1752 3928
1753 581
1753 798
1753 999
1753 1012
1753 1500
1753 2077
1753 2341
1753 2463
1753 3712
1755 1361
1755 3750
1756 823
1756 1729
1758 968
1758 2273
1758 2856
1758 2949
1758 3680
1760 191
1760 198
1763 200
1763 806
1763 1820
1764 1519
1764 3355
1766 2294
1769 1452
1769 1664
1769 2658
1771 695
1771 2185
1771 3984
1777 551
1778 267
1778 3361
1779 1972
1779 3586
1781 1103
1781 2665
1782 378
1782 1822
1782 2423
1782 2475
1782 3903
1788 387
1789 2017
1789 2347
1790 1726
1790 1878
1790 2157
1790 2342
1790 2406
1791 3024
1791 3117
1792 78
1795 1505
1795 2903
1796 3164
1797 3334
1799 916
1799 1015
1799 1116
1799 1519
1799 1822
1799 1881
1799 1902
1799 2282
1799 2525
1799 2577
1799 3168
1799 3207
1799 3827
1799 3880
1800 2679
1802 2058
1804 833
1805 718
1805 2266
1806 3495
1807 784
1807 3205
1810 269
1810 460
1810 464
1810 544
1810 692
1810 1327
1810 2286
1810 2306
1810 2920
1810 3018
1810 3299
1810 3456
1811 1206
1811 1426
1813 586
1815 81
1815 291
1815 1332
1815 1701
1817 336
1817 3100
1817 3489
1818 29
1818 458
1818 2651
1820 1763
1822 147
1822 397
1822 783
1822 820
1822 972
1822 996
1822 1116
1822 1118
1822 1134
1822 1305
1822 1401
1822 1735
1822 1749
1822 1782
1822 1799
1822 2259
1822 2475
1822 2856
1822 2949
1822 3320
1822 3545
1822 3680
1823 225
1823 1952
1823 2234
1823 2784
1823 3196
1824 2071
1825 102
1825 282
1825 1075
1825 1496
1825 2601
1825 3493
1827 908
1828 469
1828 633
1828 3190
1828 3575
1831 1047
1831 1312
1832 0
1832 1314
1833 106
1833 2019
1835 495
1835 689
1835 1584
1835 1935
1835 2486
1836 1556
1838 4042
1839 2434
1842 3730
1843 122
1843 843
1843 1718
1843 2366
1843 3415
1843 3843
1845 478
1845 1323
1846 3318
1847 863
1849 506
1849 751
1849 2707
1849 2819
1849 3981
1852 443
1852 2798
1853 39
1855 481
1856 605
1856 762
1857 1253
1857 1556
1857 2487
1858 1401
1858 2298
1859 1556
1859 2225
1859 3044
1860 1167
1860 2997
1861 1132
1861 2777
1863 2583
1864 612
1864 863
1864 1561
1864 3033
1868 2357
1868 2838
1870 1596
1870 3770
1870 4006
1871 1004
1872 1672
1872 2420
1874 490
1874 662
1874 1149
1874 1632
1874 2664
1874 3367
1874 3855
1877 1118
1877 2520
1878 13
1878 541
1878 1726
1878 1790
1878 2406
1878 2949
1878 3255
1878 3539
1878 3614
1880 2632
1881 1799
1881 3168
1882 2998
1883 1175
1884 1047
1884 2309
1885 27
1885 492
1885 545
1885 1080
1885 1430
1885 2623
1885 2915
1885 3539
1885 3756
1889 1656
1891 3
1891 3623
1892 3653
1892 3678
1894 382
1894 1683
1896 394
1896 804
1896 830
1896 1377
1897 2936
1897 3190
1897 3777
1901 338
1901 2897
1902 611
1902 1015
1902 1140
1902 1416
1902 1608
1902 1799
1902 2525
1902 3905
1903 545
1903 3047
1903 3364
1903 3750
1904 95
1904 97
1904 276
1904 390
1904 475
1904 823
1904 866
1904 931
1904 1161
1904 1425
1904 1620
1904 1727
1904 1729
1904 1743
1904 1992
1904 2115
1904 2131
1904 3044
1904 3116
1904 3539
1904 3690
1906 1514
1906 2583
1906 3157
1906 3188
1906 3438
1907 5
1907 149
1907 2411
1910 2243
1914 58
1914 141
1915 2060
1915 2123
1917 793
1917 2921
1917 3106
1917 3136
1918 279
1918 1071
1918 1160
1918 3420
1920 3483
1921 254
1923 1943
1924 2383
1925 281
1925 2350
1927 1467
1928 2668
1928 4033
1931 3142
1933 2797
1934 3894
1935 1584
1935 1835
1936 1321
1937 152
1937 1616
1938 638
1938 873
1938 3157
1939 798
1939 816
1939 830
1939 1589
1939 3359
1939 3712
1942 602
1942 1245
1942 2386
1942 2949
1943 1923
1944 721
1944 2655
1945 900
1946 3135
1948 3425
1949 2347
1952 551
1952 645
1952 809
1952 813
1952 865
1952 909
1952 979
1952 1132
1952 1406
1952 1823
1952 2068
1952 2722
1952 2822
1952 2888
1952 3004
1952 3129
1952 3160
1952 3196
1952 3261
1952 3714
1952 3923
1955 2960
1956 2059
1957 740
1957 1387
1957 1527
1957 2834
1957 3371
1961 1397
1961 3119
1962 581
1962 3395
1963 43
1964 2099
1965 3216
1965 4015
1968 670
1968 3129
1968 3191
1971 3940
1972 1779
1974 778
1974 869
1974 2843
1975 3614
1975 3750
1976 432
1978 1430
1978 3094
1978 3645
1982 3361
1982 3438
1983 28
1984 263
1985 837
1986 1180
1986 1386
1986 2300
1987 373
1987 624
1987 1101
1987 3968
1989 492
1989 501
1991 3242
1992 830
1992 1904
1992 3116
1992 3552
1993 294
1995 3417
1996 3284
1998 3361
1999 3164
2000 2684
2002 2235
2002 2596
2003 4013
2005 214
2005 1393
2005 2284
2005 3830
2007 1001
2008 3296
2009 3202
2012 204
2012 788
2012 1678
2012 3949
2017 611
2017 863
2017 1553
2017 1789
2017 2347
2018 297
2019 106
2019 551
2019 1833
2021 205
2021 2801
2021 3582
2022 3471
2022 3547
2023 2539
2024 20
2024 2533
2027 363
2027 948
2027 3304
2028 322
2028 426
2028 999
2028 1149
2028 1620
2028 2533
2028 3080
2028 3514
2029 19
2033 1353
2035 659
2036 199
2036 2869
2038 3466
2039 3339
2040 90
2040 1205
2040 1677
2040 2344
2044 2832
2046 929
2048 887
2048 3680
2049 2916
2050 469
2050 1556
2050 2773
2053 527
2055 38
2056 1721
2058 1802
2058 2344
2058 2769
2059 1432
2059 1437
2059 1956
2060 1915
2060 2123
2061 1174
2061 1519
2063 802
2063 1141
2063 2748
2064 3078
2065 419
2065 1040
2065 2934
2066 1379
2066 1578
2066 1596
2066 2534
2066 4006
2067 3188
2068 798
2068 933
2068 1952
2069 551
2069 1438
2069 2256
2069 3369
2070 147
2070 2949
2071 1824
2075 2914
2076 2949
2077 1753
2077 2341
2078 3082
2079 1489
2079 1543
2079 2202
2079 3024
2080 145
2080 966
2081 291
2081 1332
2083 1560
2084 996
2084 1659
2084 2531
2085 609
2085 3923
2088 2977
2089 3119
2090 389
2090 1466
2090 2430
2091 98
2092 162
2092 270
2092 394
2092 823
2092 830
2092 1070
2092 1731
2092 3290
2092 3440
2092 3840
2094 1080
2094 1430
2095 1088
2095 1336
2095 3060
2096 3960
2097 510
2097 2641
2097 3372
2098 89
2098 139
2098 1271
2098 1525
2098 3427
2099 1964
2100 620
2101 1097
2102 586
2102 873
2102 972
2102 1098
2102 1101
2102 2290
2102 3047
2104 3349
2105 2136
2106 3344
2108 1427
2109 399
2109 3452
2110 1000
2111 3821
2112 2242
2112 2624
2114 2274
2115 144
2115 312
2115 540
2115 1904
2115 2335
2115 2754
2115 3147
2115 3539
2117 751
2117 1364
2117 1584
2118 2987
2120 2411
2121 1679
2121 2802
2121 2931
2121 3564
2121 3656
2122 1501
2122 2670
2122 3765
2123 225
2123 1915
2123 2060
2123 3127
2125 1160
2126 3669
2127 188
2127 1073
2128 714
2128 1583
2128 4029
2129 2563
2130 425
2130 468
2130 2285
2130 3643
2131 1727
2131 1904
2132 3884
2136 2105
2137 2258
2139 52
2139 1373
2140 1111
2142 605
2142 998
2142 2984
2143 1228
2145 1234
2146 1052
2146 2421
2146 2498
2146 3984
2147 2324
2148 205
2148 675
2148 836
2148 911
2148 2290
2148 2422
2148 2801
2148 3326
2148 3343
2148 3526
2148 3582
2148 3681
2149 1494
2150 520
2150 2515
2152 3163
2156 1264
2157 235
2157 1790
2157 2342
2158 3511
2159 199
2159 302
2159 1574
2159 2964
2159 3396
2159 3634
2160 2982
2160 3326
2161 4008
2162 145
2163 1251
2167 184
2169 536
2169 827
2172 67
2172 469
2172 3019
2172 3575
2173 1053
2173 1347
2174 67
2174 219
2174 469
2174 983
2174 1160
2174 1548
2174 1556
2174 2281
2174 3019
2174 3043
2174 3922
2175 806
2175 2578
2181 25
2181 1589
2182 824
2183 776
2185 1616
2185 1771
2185 3984
2186 1321
2186 2478
2186 2863
2186 3185
2191 2981
2193 545
2193 1424
2193 2355
2195 3683
2196 1611
2197 740
2197 1019
2198 675
2199 825
2199 2447
2199 2718
2200 533
2201 244
2201 1285
2201 3006
2201 4054
2202 1543
2202 2079
2202 3024
2206 3136
2207 71
2207 683
2207 1469
2207 2417
2207 2874
2207 3714
2207 3969
2208 1180
2212 665
2214 1260
2214 2359
2214 3934
2215 3631
2216 2834
2216 3366
2217 2755
2219 191
2219 319
2219 1207
2219 1292
2219 1665
2219 3196
2219 3665
2221 2274
2225 830
2225 1615
2225 1859
2225 3044
2225 3660
2228 3953
2231 137
2231 1030
2232 469
2232 972
2232 2693
2233 3826
2234 225
2234 1823
2234 2784
2235 549
2235 1596
2235 2002
2235 2266
2235 3473
2235 3856
2237 614
2237 1305
2237 2723
2237 3788
2238 78
2238 1098
2238 1236
2238 2290
2238 3378
2238 3539
2239 298
2239 3456
2241 2661
2242 2112
2243 1664
2243 1910
2243 2389
2243 3024
2244 667
2244 1550
2245 78
2245 948
2245 1506
2246 1725
2246 2985
2249 471
2249 668
2249 1119
2249 3090
2250 2640
2252 1200
2252 2349
2252 3456
2253 1517
2256 551
2256 1438
2256 2069
2256 3369
2258 2137
2259 415
2259 1103
2259 1822
2259 2430
2259 2760
2259 3124
2263 2302
2264 793
2265 2384
2265 3145
2266 205
2266 889
2266 1126
2266 1596
2266 1649
2266 1805
2266 2235
2266 2306
2266 3190
2266 3455
2266 3473
2269 3883
2273 554
2273 968
2273 1176
2273 1309
2273 1758
2273 2444
2273 2700
2273 2856
2273 2949
2273 3043
2273 3364
2273 3680
2274 70
2274 1045
2274 2114
2274 2221
2274 2278
2274 2350
2274 2949
2274 3633
2274 3679
2274 4000
2277 2565
2278 487
2278 968
2278 2274
2278 2949
2278 3532
2279 1160
2280 1658
2280 2918
2280 3743
2281 67
2281 469
2281 1160
2281 2174
2281 3019
2281 3459
2282 1116
2282 1799
2282 3320
2284 2005
2285 425
2285 2130
2285 3643
2286 1810
2289 2487
2290 911
2290 1098
2290 2102
2290 2148
2290 2238
2293 368
2293 673
2293 1118
2293 1533
2293 1745
2293 2490
2293 2949
2293 3023
2293 3031
2293 3256
2294 1766
2296 1584
2296 2375
2296 3361
2297 433
2297 478
2297 640
2297 1439
2297 2363
2297 2800
2298 1401
2298 1858
2300 1986
2301 2833
2301 2887
2302 2263
2303 3672
2306 521
2306 1553
2306 1737
2306 1810
2306 2266
2308 756
2308 784
2308 1020
2308 3150
2309 450
2309 451
2309 1047
2309 1884
2311 351
2315 3962
2316 2922
2316 3993
2317 3156
2318 194
2318 3504
2321 208
2321 816
2321 1677
2321 3066
2321 3105
2321 3361
2321 3600
2322 107
2322 307
2322 2458
2323 1428
2324 2147
2326 3423
2327 3415
2332 709
2332 1446
2332 2644
2332 3456
2332 3519
2333 1262
2334 2476
2335 2115
2337 1605
2337 3322
2339 189
2339 2757
2340 1036
2340 2434
2341 581
2341 798
2341 999
2341 1012
2341 1753
2341 2077
2341 2463
2341 3712
2342 1790
2342 2157
2344 90
2344 769
2344 898
2344 1677
2344 1743
2344 2040
2344 2058
2344 2574
2344 2695
2344 3255
2347 980
2347 1789
2347 1949
2347 2017
2349 1100
2349 2252
2349 3415
2350 20
2350 281
2350 1925
2350 2274
2350 3041
2352 3411
2353 23
2355 1424
2355 2193
2357 1868
2357 2838
2359 212
2359 1498
2359 2214
2359 3934
2361 3626
2363 312
2363 1064
2363 1740
2363 2297
2363 3425
2364 78
2364 1668
2364 1685
2364 3473
2364 3518
2365 3367
2366 1843
2366 2562
2368 2964
2368 4011
2372 1346
2372 1598
2374 965
2374 1199
2374 3217
2375 267
2375 444
2375 831
2375 1543
2375 1735
2375 2296
2375 2531
2375 2862
2375 3361
2375 3451
2375 3593
2376 2382
2377 1493
2377 3653
2379 192
2379 3734
2380 325
2380 590
2381 3928
2382 765
2382 2376
2383 1924
2383 2816
2384 2265
2386 1942
2387 1138
2387 2874
2388 1743
2388 2658
2388 3158
2388 3830
2388 4044
2389 2243
2392 53
2392 1341
2393 993
2393 3041
2395 184
2395 2635
2395 2798
2396 1346
2396 1520
2397 727
2398 1706
2400 361
2400 1256
2401 336
2401 2927
2401 3456
2403 938
2404 748
2406 13
2406 1726
2406 1790
2406 1878
2406 2949
2407 1102
2407 1527
2407 2883
2407 3002
2407 3854
2408 1312
2409 655
2410 2457
2411 5
2411 388
2411 1907
2411 2120
2411 3724
2412 1513
2415 3188
2417 2207
2420 77
2420 1725
2420 1872
2421 22
2421 793
2421 1044
2421 2146
2422 911
2422 2148
2422 2801
2423 213
2423 273
2423 1105
2423 1782
2423 2475
2423 3335
2424 565
2424 1467
2424 3001
2425 1380
2426 3379
2427 3339
2430 76
2430 389
2430 1466
2430 2090
2430 2259
2431 199
2434 878
2434 1036
2434 1839
2434 2340
2435 240
2435 2680
2439 1518
2439 3849
2441 1697
2441 3970
2443 2568
2443 3802
2444 940
2444 983
2444 1556
2444 2273
2444 2456
2444 2752
2444 3043
2445 1401
2446 2949
2446 3278
2447 825
2447 2199
2447 2718
2448 92
2448 1677
2448 2455
2448 2574
2449 872
2451 545
2451 614
2451 1098
2451 1739
2451 3881
2451 3967
2455 2448
2456 758
2456 1556
2456 1577
2456 2444
2457 1081
2457 1597
2457 2410
2457 3615
2458 2322
2459 1104
2463 999
2463 1012
2463 1753
2463 2341
2463 3712
2464 314
2464 376
2464 494
2464 2596
2464 3525
2465 1188
2466 78
2466 272
2466 636
2466 996
2466 1064
2466 3721
2466 3994
2468 71
2469 562
2470 173
2470 914
2473 2619
2475 378
2475 1782
2475 1822
2475 2423
2475 2519
2476 2334
2477 3370
2478 480
2478 1065
2478 1251
2478 1321
2478 2186
2478 2563
2478 2863
2478 3280
2478 3707
2480 3179
2481 172
2483 1317
2486 1835
2487 1253
2487 1556
2487 1857
2487 2289
2488 2604
2488 3697
2489 1107
2490 1745
2490 2293
2492 3274
2492 3562
2493 205
2493 1226
2493 2532
2495 2957
2497 2740
2498 2146
2498 3984
2499 671
2499 1047
2503 1376
2504 102
2504 2603
2504 3348
2505 226
2505 538
2507 1190
2507 3598
2509 460
2509 1519
2513 1376
2514 679
2515 2150
2516 1372
2517 613
2518 1148
2519 378
2519 2475
2519 2531
2520 1118
2520 1877
2522 740
2525 1015
2525 1799
2525 1902
2525 3533
2526 2613
2527 3456
2530 1636
2531 996
2531 1004
2531 1543
2531 1659
2531 2084
2531 2375
2531 2519
2531 3024
2532 205
2532 1226
2532 2493
2532 2876
2532 3043
2532 3386
2532 3954
2533 20
2533 1149
2533 2024
2533 2028
2533 2688
2533 3378
2534 1578
2534 2066
2534 3451
2538 1143
2539 2023
2546 3522
2546 3873
2547 975
2547 1749
2548 273
2548 1746
2553 146
2555 1135
2555 1315
2555 1699
2555 3397
2559 3682
2560 3144
2560 3203
2561 744
2561 3462
2561 3692
2562 2366
2563 851
2563 2129
2563 2478
2563 2694
2563 2760
2563 2830
2563 3359
2563 3574
2563 3707
2565 359
2565 801
2565 1576
2565 2277
2566 3456
2568 779
2568 2443
2568 3802
2569 849
2571 1494
2573 3227
2574 92
2574 1677
2574 2344
2574 2448
2574 4033
2577 1799
2577 3207
2578 200
2578 416
2578 806
2578 1130
2578 2175
2579 1556
2579 2693
2579 3306
2580 516
2580 1122
2580 1349
2580 1515
2583 1080
2583 1599
2583 1863
2583 1906
2583 3061
2583 3188
2583 3536
2584 2599
2584 3840
2587 2816
2588 1517
2590 524
2594 1593
2596 314
2596 461
2596 494
2596 2002
2596 2464
2598 551
2598 566
2598 1655
2599 2584
2599 3840
2601 837
2601 891
2601 1825
2601 2658
2602 1716
2603 102
2603 2504
2603 3348
2604 2488
2604 3697
2606 3984
2606 4006
2608 287
2608 959
2608 1086
2609 356
2609 1674
2612 742
2612 1696
2612 2692
2612 3590
2613 2526
2617 945
2617 1327
2617 3230
2619 2473
2619 3421
2621 589
2623 976
2623 1885
2624 2112
2625 1292
2627 545
2627 3361
2627 3438
2629 308
2632 1880
2633 3277
2634 1232
2634 3456
2635 184
2635 2395
2635 2798
2636 329
2636 2689
2636 2849
2636 3070
2637 1316
2638 1467
2640 720
2640 1589
2640 2250
2640 2954
2641 2097
2641 3372
2644 517
2644 987
2644 1297
2644 2332
2644 3456
2645 463
2646 2726
2648 1065
2649 3771
2651 29
2651 458
2651 1818
2653 3675
2655 1944
2656 282
2658 837
2658 1452
2658 1664
2658 1752
2658 1769
2658 2388
2658 2601
2658 3092
2658 4044
2661 931
2661 2241
2664 1874
2664 3855
2665 1103
2665 1781
2665 2923
2666 340
2666 906
2666 1115
2666 1376
2666 3844
2668 1928
2668 4033
2670 1492
2670 2122
2670 3765
2671 709
2671 1467
2672 277
2672 1160
2672 3455
2673 20
2673 862
2673 996
2673 1080
2673 3994
2674 2689
2674 2812
2674 3196
2674 3714
2677 1560
2677 3750
2678 2
2678 3714
2678 3767
2678 3891
2679 1800
2680 240
2680 391
2680 751
2680 1465
2680 2435
2680 2702
2681 3597
2683 2782
2684 2000
2686 1510
2686 1617
2686 2993
2686 3548
2687 1401
2687 3991
2688 2533
2688 3378
2689 329
2689 2636
2689 2674
2689 3070
2692 464
2692 2612
2693 451
2693 469
2693 596
2693 972
2693 1064
2693 1158
2693 1375
2693 1556
2693 1677
2693 2232
2693 2579
2693 2700
2693 2801
2693 2873
2693 2949
2693 3139
2693 3306
2693 3364
2693 3624
2693 3680
2693 3698
2693 3750
2694 2563
2694 3707
2694 3793
2695 336
2695 898
2695 2344
2697 1556
2698 89
2699 166
2699 723
2700 554
2700 972
2700 1346
2700 1597
2700 2273
2700 2693
2700 2856
2700 3438
2700 3680
2702 391
2702 751
2702 2680
2702 3101
2702 3168
2702 3981
2703 806
2703 1545
2703 3361
2704 1453
2705 1198
2705 1723
2707 506
2707 751
2707 1849
2707 3981
2710 1594
2710 2874
2710 3089
2715 474
2715 1560
2715 1581
2717 1218
2718 98
2718 825
2718 2199
2718 2447
2718 3846
2719 436
2719 451
2719 1047
2721 1595
2721 3361
2722 1132
2722 1952
2723 614
2723 2237
2724 1336
2724 3120
2726 297
2726 300
2726 1215
2726 2646
2726 3827
2727 181
2728 1581
2729 78
2731 1322
2731 3714
2736 540
2736 1619
2737 590
2737 1367
2737 2949
2738 1396
2740 2497
2743 3629
2748 802
2748 2063
2751 2851
2752 429
2752 1556
2752 2444
2753 3485
2753 3563
2754 2115
2754 3926
2755 2217
2757 858
2757 1338
2757 2339
2760 2259
2760 2563
2761 1039
2761 2944
2762 1443
2762 3901
2764 1159
2764 1304
2764 2955
2765 67
2765 469
2765 964
2765 1173
2765 1556
2765 2773
2765 3019
2765 3649
2769 205
2769 705
2769 816
2769 830
2769 1449
2769 2058
2769 2801
2769 3326
2770 1739
2772 227
2773 1556
2773 2050
2773 2765
2777 1132
2777 1861
2781 1136
2781 1401
2781 3351
2781 3389
2781 3650
2781 3927
2782 2683
2784 1823
2784 2234
2786 1647
2790 3154
2791 1596
2791 3137
2791 3362
2792 872
2794 469
2794 3637
2795 184
2795 443
2795 1677
2797 1933
2798 94
2798 184
2798 1852
2798 2395
2798 2635
2798 2802
2800 2297
2801 205
2801 597
2801 911
2801 972
2801 2021
2801 2148
2801 2422
2801 2693
2801 2769
2801 3326
2801 3343
2801 3364
2801 3582
2801 4012
2802 1430
2802 1554
2802 1679
2802 2121
2802 2798
2802 3564
2803 925
2806 1064
2808 2873
2810 3361
2812 384
2812 2674
2813 3456
2814 1245
2815 586
2815 972
2815 1652
2815 3047
2815 3698
2816 1215
2816 2383
2816 2587
2817 3482
2817 3908
2818 1662
2818 3114
2819 506
2819 751
2819 1849
2819 3054
2819 3981
2821 1180
2822 813
2822 865
2822 1952
2822 3004
2823 1193
2823 1222
2823 3985
2826 920
2828 420
2830 2563
2830 3359
2831 211
2832 2044
2833 51
2833 1700
2833 2301
2833 2887
2833 3184
2833 3420
2834 1673
2834 1957
2834 2216
2834 3001
2834 3366
2836 3456
2837 1688
2838 1868
2838 2357
2840 1057
2843 778
2843 869
2843 1974
2846 135
2846 3376
2849 329
2849 855
2849 2636
2849 3162
2851 299
2851 1259
2851 1677
2851 2751
2851 3658
2855 2937
2856 554
2856 635
2856 968
2856 1309
2856 1758
2856 1822
2856 2273
2856 2700
2856 2949
2856 3636
2856 3680
2860 3714
2861 2949
2862 444
2862 586
2862 831
2862 1669
2862 2375
2862 3047
2863 480
2863 1321
2863 2186
2863 2478
2863 3203
2863 3990
2864 1209
2864 1236
2865 1292
2865 4041
2866 4048
2868 226
2868 539
2869 199
2869 749
2869 2036
2869 3270
2871 501
2871 1262
2871 1512
2871 2935
2871 3021
2873 20
2873 200
2873 586
2873 873
2873 931
2873 1022
2873 1064
2873 1612
2873 2693
2873 2808
2873 3538
2874 1138
2874 1594
2874 2207
2874 2387
2874 2710
2874 3089
2876 805
2876 1226
2876 2532
2876 3043
2876 3123
2876 3161
2876 3541
2876 3546
2876 3954
2877 926
2878 3637
2879 493
2880 3361
2883 2407
2884 3639
2885 583
2885 3141
2887 2301
2887 2833
2888 645
2888 909
2888 1952
2888 3160
2890 1588
2891 541
2893 1479
2894 806
2894 3968
2897 338
2897 1901
2899 692
2899 921
2899 3361
2899 3772
2900 1664
2900 1752
2900 2966
2900 3241
2900 3676
2900 3928
2902 1018
2902 1446
2903 1505
2903 1795
2904 3041
2905 1004
2906 3757
2907 665
2907 857
2907 3361
2908 1584
2908 3805
2910 3380
2914 2075
2915 27
2915 1080
2915 1098
2915 1430
2915 1885
2915 3539
2915 3659
2915 4032
2916 199
2916 1635
2916 1677
2916 2049
2918 2280
2918 3743
2919 3830
2920 1810
2921 793
2921 1917
2921 3106
2921 3252
2921 3774
2921 3962
2922 2316
2922 3993
2923 2665
2924 867
2924 999
2924 1620
2924 1677
2924 3888
2925 3638
2927 2401
2928 657
2930 220
2930 1723
2931 2121
2932 1068
2932 3433
2932 3549
2934 2065
2935 433
2935 1262
2935 2871
2935 3947
2936 1897
2936 3190
2936 3777
2937 2855
2937 3148
2938 1637
2939 1229
2939 1631
2941 127
2941 3440
2943 3917
2944 2761
2949 147
2949 175
2949 384
2949 391
2949 435
2949 554
2949 820
2949 848
2949 849
2949 931
2949 968
2949 972
2949 1038
2949 1045
2949 1224
2949 1735
2949 1758
2949 1822
2949 1878
2949 1942
2949 2070
2949 2076
2949 2273
2949 2274
2949 2278
2949 2293
2949 2406
2949 2446
2949 2693
2949 2737
2949 2856
2949 2861
2949 2996
2949 3139
2949 3174
2949 3365
2949 3393
2949 3532
2949 3624
2949 3633
2949 3680
2949 3687
2949 3715
2949 3741
2949 3841
2950 78
2950 749
2950 975
2950 3539
2951 1591
2951 1679
2951 3564
2954 78
2954 403
2954 545
2954 720
2954 2640
2954 3188
2954 3923
2955 252
2955 1006
2955 1159
2955 1304
2955 1575
2955 2764
2955 2988
2955 3620
2956 3337
2957 2495
2960 1955
2961 314
2961 1111
2962 654
2963 3020
2964 27
2964 199
2964 302
2964 1574
2964 2159
2964 2368
2964 3396
2964 3634
2965 3402
2966 1346
2966 1664
2966 1752
2966 2900
2966 3005
2966 3241
2966 3676
2966 3928
2968 361
2969 1047
2969 3959
2976 3846
2977 2088
2978 1597
2979 3750
2980 3631
2981 2191
2982 2160
2982 3680
2983 361
2984 605
2984 2142
2984 3284
2984 3884
2985 1725
2985 2246
2987 2118
2988 2955
2989 1284
2989 3126
2991 1393
2991 1703
2991 3618
2993 1510
2993 1617
2993 2686
2993 3548
2994 1243
2996 391
2996 586
2996 972
2996 1532
2996 1718
2996 2949
2996 3364
2996 3680
2996 3741
2997 1167
2997 1860
2998 1882
2999 504
2999 1223
3001 2424
3001 2834
3002 1102
3002 2407
3004 813
3004 865
3004 1952
3004 2822
3005 2966
3005 3676
3006 2201
3006 4054
3008 3083
3009 1677
3011 390
3011 1620
3011 3373
3012 482
3013 3476
3013 3763
3014 1219
3015 405
3017 128
3018 269
3018 1810
3019 67
3019 147
3019 219
3019 469
3019 596
3019 1160
3019 1556
3019 2172
3019 2174
3019 2281
3019 2765
3019 3459
3019 3649
3019 3922
3020 774
3020 838
3020 2963
3020 3761
3021 2871
3022 577
3023 368
3023 2293
3024 135
3024 328
3024 1116
3024 1147
3024 1543
3024 1584
3024 1659
3024 1791
3024 2079
3024 2202
3024 2243
3024 2531
3024 3061
3024 3117
3024 3438
3024 3531
3024 3561
3024 3886
3026 3859
3027 147
3027 205
3027 880
3027 3614
3027 3732
3027 3750
3028 154
3030 598
3030 1261
3030 3519
3030 3710
3031 1575
3031 2293
3032 1474
3032 3727
3033 1705
3033 1864
3033 3873
3036 1530
3040 3181
3041 281
3041 2350
3041 2393
3041 2904
3041 3714
3043 333
3043 440
3043 469
3043 805
3043 983
3043 1160
3043 1548
3043 1556
3043 2174
3043 2273
3043 2444
3043 2532
3043 2876
3043 3123
3044 95
3044 816
3044 823
3044 830
3044 1615
3044 1677
3044 1859
3044 1904
3044 2225
3044 3418
3044 3660
3046 3449
3047 209
3047 586
3047 638
3047 831
3047 873
3047 1584
3047 1661
3047 1669
3047 1903
3047 2102
3047 2815
3047 2862
3047 3361
3047 3750
3049 868
3049 3494
3050 3899
3051 1251
3052 698
3054 506
3054 751
3054 2819
3054 3981
3058 3535
3059 854
3060 475
3060 2095
3061 545
3061 1222
3061 1543
3061 2583
3061 3024
3061 3744
3061 3900
3062 1618
3063 3391
3063 3814
3065 547
3066 2321
3066 3830
3067 3456
3069 144
3070 329
3070 1253
3070 2636
3070 2689
3072 3101
3072 3361
3073 167
3073 1743
3074 263
3074 1432
3075 3081
3078 2064
3079 3895
3080 322
3080 826
3080 1620
3080 2028
3080 3466
3081 439
3081 729
3081 3075
3082 2078
3083 3008
3086 3386
3088 4
3088 199
3088 218
3088 368
3088 651
3088 926
3088 1254
3089 1594
3089 2710
3089 2874
3090 2249
3092 2658
3094 478
3094 1430
3094 1978
3096 826
3099 1
3099 96
3100 336
3100 1817
3100 3489
3100 3704
3101 384
3101 2702
3101 3072
3101 3168
3101 3361
3103 1743
3103 3830
3104 1482
3104 3928
3105 2321
3106 1237
3106 1917
3106 2921
3107 139
3107 1318
3107 3149
3109 199
3109 355
3109 1080
3109 3441
3109 3539
3110 1356
3111 1386
3114 2818
3115 3714
3116 12
3116 1904
3116 1992
3117 1791
3117 3024
3119 882
3119 1119
3119 1961
3119 2089
3119 3381
3119 3645
3119 4045
3120 137
3120 1472
3120 2724
3120 3386
3122 1335
3122 3606
3123 440
3123 805
3123 1548
3123 2876
3123 3043
3124 2259
3125 3305
3126 1284
3126 2989
3127 225
3127 2123
3129 449
3129 767
3129 1952
3129 1968
3129 3653
3132 3702
3134 1178
3134 4007
3135 1946
3136 1917
3136 2206
3136 3962
3137 250
3137 463
3137 1330
3137 1596
3137 2791
3139 2693
3139 2949
3141 469
3141 2885
3141 3401
3141 3680
3142 1931
3143 1417
3144 2560
3145 2265
3147 2115
3148 2937
3149 3107
3150 2308
3151 1488
3151 1743
3154 310
3154 2790
3156 2317
3157 873
3157 1705
3157 1906
3157 1938
3158 2388
3158 4044
3160 645
3160 909
3160 1952
3160 2888
3161 1548
3161 2876
3161 4000
3162 329
3162 855
3162 2849
3163 302
3163 808
3163 2152
3164 1796
3164 1999
3165 232
3165 1150
3166 1149
3166 3255
3166 3807
3167 251
3168 1799
3168 1881
3168 2702
3168 3101
3170 1004
3172 3827
3173 1287
3174 2949
3179 2480
3179 3204
3180 3362
3181 3040
3184 1711
3184 2833
3185 2186
3186 692
3188 416
3188 545
3188 720
3188 916
3188 978
3188 1514
3188 1906
3188 2067
3188 2415
3188 2583
3188 2954
3188 3438
3188 3440
3189 96
3189 474
3189 3276
3189 3550
3189 3614
3189 3958
3190 1480
3190 1828
3190 1897
3190 2266
3190 2936
3190 3777
3191 670
3191 1968
3192 1442
3193 1431
3194 3844
3196 752
3196 1823
3196 1952
3196 2219
3196 2674
3196 3519
3196 3705
3196 3714
3198 3252
3198 3774
3199 1062
3200 3334
3201 3867
3202 569
3202 2009
3203 53
3203 524
3203 695
3203 2560
3203 2863
3203 3585
3204 3179
3205 784
3205 1807
3206 147
3206 586
3206 1022
3206 1586
3207 1799
3207 2577
3216 1965
3216 4015
3217 55
3217 274
3217 463
3217 1493
3217 1624
3217 2374
3217 3398
3217 3456
3217 3653
3217 3678
3217 4015
3218 87
3223 15
3223 235
3224 612
3224 1561
3226 795
3227 2573
3227 3386
3228 1252
3228 3680
3230 2617
3230 3836
3231 3975
3232 985
3234 3539
3238 980
3239 1143
3241 951
3241 1752
3241 2900
3241 2966
3241 3928
3242 1991
3245 1743
3246 3917
3246 4008
3248 321
3248 3361
3248 4010
3249 86
3249 3714
3252 393
3252 738
3252 876
3252 2921
3252 3198
3252 3380
3252 3774
3252 3815
3253 996
3254 3308
3255 541
3255 769
3255 1098
3255 1149
3255 1878
3255 2344
3255 3166
3255 3539
3255 3614
3255 3807
3256 1405
3256 1490
3256 2293
3256 3738
3258 4034
3259 954
3261 809
3261 1952
3262 78
3263 1081
3263 3742
3264 259
3264 1004
3264 3959
3265 726
3265 3825
3270 136
3270 199
3270 749
3270 2869
3274 2492
3274 3562
3276 3189
3277 2633
3278 2446
3280 480
3280 1065
3280 1251
3280 1511
3280 2478
3281 93
3281 3709
3283 967
3283 1733
3284 1996
3284 2984
3284 3884
3287 385
3287 752
3288 72
3290 20
3290 426
3290 1715
3290 1737
3290 2092
3290 3840
3290 3885
3291 731
3292 1490
3292 3908
3295 3614
3296 2008
3297 3750
3298 3764
3299 831
3299 1810
3299 3419
3299 3456
3300 889
3301 135
3303 56
3304 2027
3305 3125
3306 1556
3306 2579
3306 2693
3308 931
3308 3254
3311 1093
3311 3845
3312 3506
3316 1469
3318 1846
3320 992
3320 1116
3320 1822
3320 2282
3321 697
3321 892
3322 1605
3322 2337
3326 205
3326 972
3326 1597
3326 2148
3326 2160
3326 2769
3326 2801
3327 879
3328 163
3333 561
3333 814
3334 1797
3334 3200
3335 2423
3336 4043
3337 2956
3338 618
3339 524
3339 695
3339 1321
3339 2039
3339 2427
3340 1569
3342 1676
3343 205
3343 2148
3343 2801
3343 3582
3344 2106
3347 3967
3348 102
3348 2504
3348 2603
3349 1253
3349 2104
3351 127
3351 1080
3351 1430
3351 2781
3354 303
3354 1148
3355 1519
3355 1764
3356 301
3357 4033
3358 3839
3359 798
3359 1399
3359 1685
3359 1939
3359 2563
3359 2830
3361 208
3361 267
3361 287
3361 357
3361 494
3361 545
3361 586
3361 656
3361 665
3361 709
3361 779
3361 831
3361 857
3361 946
3361 1186
3361 1584
3361 1595
3361 1667
3361 1677
3361 1778
3361 1982
3361 1998
3361 2296
3361 2321
3361 2375
3361 2627
3361 2703
3361 2721
3361 2810
3361 2880
3361 2899
3361 2907
3361 3047
3361 3072
3361 3101
3361 3248
3361 3410
3361 3438
3361 3593
3361 3651
3361 3772
3361 3878
3362 991
3362 992
3362 2791
3362 3180
3362 3463
3362 3986
3364 391
3364 545
3364 972
3364 1176
3364 1532
3364 1661
3364 1903
3364 2273
3364 2693
3364 2801
3364 2996
3364 3698
3364 3750
3365 2949
3366 2216
3366 2834
3367 1874
3367 2365
3368 836
3368 1238
3368 1492
3369 551
3369 1438
3369 2069
3369 2256
3370 2477
3371 947
3371 1527
3371 1957
3372 510
3372 2097
3372 2641
3373 3011
3374 241
3375 480
3376 2846
3378 1098
3378 1326
3378 1393
3378 1740
3378 2238
3378 2533
3378 2688
3378 3539
3378 3926
3379 2426
3380 738
3380 2910
3380 3252
3380 3851
3381 166
3381 1300
3381 3119
3381 3405
3381 3669
3381 3910
3382 925
3385 1107
3386 205
3386 1007
3386 2532
3386 3086
3386 3120
3386 3227
3386 3575
3389 2781
3391 3063
3391 3814
3392 1199
3392 3755
3393 554
3393 1045
3393 2949
3395 1962
3395 3784
3396 199
3396 302
3396 1574
3396 2159
3396 2964
3397 1135
3397 1315
3397 1699
3397 2555
3398 274
3398 463
3398 3217
3401 469
3401 3141
3402 2965
3404 20
3404 262
3405 139
3405 870
3405 3381
3405 3523
3409 71
3409 4004
3410 3361
3411 2352
3414 3830
3415 122
3415 1100
3415 1843
3415 2327
3415 2349
3415 3491
3417 965
3417 1995
3418 644
3418 823
3418 916
3418 3044
3419 3299
3420 1071
3420 1160
3420 1918
3420 2833
3421 2619
3423 2326
3425 1948
3425 2363
3426 1236
3427 2098
3428 858
3433 2932
3434 463
3435 613
3436 558
3437 1441
3438 545
3438 916
3438 1346
3438 1514
3438 1906
3438 1982
3438 2627
3438 2700
3438 3024
3438 3188
3438 3361
3438 3680
3438 3886
3440 545
3440 978
3440 2092
3440 2941
3440 3188
3441 3109
3441 3539
3445 1562
3446 3908
3447 1272
3447 3524
3449 3046
3451 2375
3451 2534
3452 399
3452 2109
3453 475
3455 277
3455 1160
3455 1723
3455 2266
3455 2672
3456 57
3456 230
3456 298
3456 336
3456 418
3456 551
3456 709
3456 1414
3456 1810
3456 2239
3456 2252
3456 2332
3456 2401
3456 2527
3456 2566
3456 2634
3456 2644
3456 2813
3456 2836
3456 3067
3456 3217
3456 3299
3456 3519
3456 3528
3456 3530
3456 3710
3456 3812
3456 3857
3456 3905
3459 67
3459 469
3459 1224
3459 2281
3459 3019
3460 952
3460 4026
3462 2561
3462 3692
3463 3362
3464 722
3465 1254
3466 2038
3466 3080
3467 3972
3469 176
3469 469
3471 798
3471 2022
3473 1596
3473 2235
3473 2266
3473 2364
3473 3722
3474 529
3474 545
3476 3013
3476 3763
3477 1180
3479 1610
3481 1705
3482 2817
3483 478
3483 1920
3485 211
3485 2753
3485 3506
3486 1574
3488 78
3488 836
3489 336
3489 1817
3489 3100
3489 3704
3490 4042
3491 1532
3491 3415
3491 3531
3493 1825
3494 868
3494 3049
3495 1806
3496 572
3496 1098
3497 384
3497 1192
3500 3708
3501 1276
3501 3750
3501 3780
3502 965
3503 228
3503 1247
3504 2318
3505 1270
3505 3734
3506 1207
3506 3312
3506 3485
3507 478
3507 1739
3508 580
3511 2158
3513 3830
3514 426
3514 1620
3514 2028
3515 193
3515 1111
3518 1139
3518 2364
3519 1261
3519 2332
3519 3030
3519 3196
3519 3456
3519 3710
3521 781
3521 1321
3522 2546
3522 3873
3523 3405
3524 1272
3524 3447
3525 1111
3525 2464
3526 911
3526 2148
3528 3456
3529 117
3530 3456
3530 3812
3531 3024
3531 3491
3532 968
3532 1038
3532 1735
3532 2278
3532 2949
3533 1516
3533 1601
3533 2525
3535 3058
3536 217
3536 2583
3536 3816
3538 200
3538 806
3538 2873
3538 3600
3539 19
3539 27
3539 541
3539 614
3539 749
3539 823
3539 975
3539 1080
3539 1098
3539 1236
3539 1430
3539 1667
3539 1729
3539 1878
3539 1885
3539 1904
3539 2115
3539 2238
3539 2915
3539 2950
3539 3109
3539 3234
3539 3255
3539 3378
3539 3441
3539 3614
3539 3633
3539 3659
3541 1556
3541 2876
3541 3546
3543 867
3543 1635
3544 82
3545 1822
3546 2876
3546 3541
3547 2022
3548 1510
3548 1617
3548 2686
3548 2993
3549 2932
3550 3189
3552 1992
3553 1213
3560 171
3560 670
3561 328
3561 3024
3562 2492
3562 3274
3563 2753
3564 1679
3564 2121
3564 2802
3564 2951
3564 3656
3565 564
3567 3945
3569 1549
3573 551
3573 1655
3573 3821
3574 2563
3575 469
3575 633
3575 1828
3575 2172
3575 3386
3576 631
3577 246
3577 837
3577 1051
3577 1469
3580 1109
3582 205
3582 1262
3582 2021
3582 2148
3582 2801
3582 3343
3582 3600
3585 524
3585 3203
3586 1779
3590 2612
3592 1710
3593 267
3593 946
3593 1417
3593 2375
3593 3361
3596 709
3597 2681
3598 1190
3598 2507
3599 915
3600 200
3600 208
3600 806
3600 2321
3600 3538
3600 3582
3600 3904
3602 1332
3602 1348
3603 643
3605 1556
3606 1335
3606 3122
3610 1343
3613 36
3613 1609
3614 209
3614 370
3614 474
3614 541
3614 638
3614 741
3614 1004
3614 1878
3614 1975
3614 3027
3614 3189
3614 3255
3614 3295
3614 3539
3614 3780
3614 3958
3615 276
3615 378
3615 2457
3616 4028
3617 313
3618 2991
3620 2955
3622 3750
3623 3
3623 1891
3624 972
3624 2693
3624 2949
3626 980
3626 1180
3626 2361
3628 368
3628 3937
3629 2743
3631 41
3631 1386
3631 2215
3631 2980
3633 749
3633 2274
3633 2949
3633 3539
3634 2159
3634 2964
3636 635
3636 2856
3636 3680
3637 469
3637 631
3637 777
3637 2794
3637 2878
3637 3681
3637 4021
3638 2925
3639 2884
3643 425
3643 465
3643 469
3643 1626
3643 2130
3643 2285
3644 803
3644 4002
3645 375
3645 882
3645 1978
3645 3119
3645 3942
3646 684
3646 1248
3649 67
3649 469
3649 1160
3649 1556
3649 2765
3649 3019
3650 71
3650 1094
3650 1136
3650 2781
3650 3927
3651 3361
3653 71
3653 258
3653 1469
3653 1493
3653 1892
3653 2377
3653 3129
3653 3217
3653 3678
3653 4046
3654 71
3656 1679
3656 2121
3656 3564
3658 299
3658 775
3658 1259
3658 2851
3659 1080
3659 2915
3659 3539
3660 95
3660 199
3660 394
3660 1566
3660 1677
3660 2225
3660 3044
3662 912
3663 84
3664 975
3665 837
3665 2219
3667 1235
3667 3916
3669 2126
3669 3381
3671 3869
3671 3908
3672 2303
3675 224
3675 2653
3676 837
3676 873
3676 1664
3676 2900
3676 2966
3676 3005
3677 332
3678 1493
3678 1892
3678 3217
3678 3653
3679 498
3679 2274
3680 71
3680 554
3680 635
3680 887
3680 968
3680 972
3680 1309
3680 1346
3680 1375
3680 1758
3680 1822
3680 2048
3680 2273
3680 2693
3680 2700
3680 2856
3680 2949
3680 2982
3680 2996
3680 3141
3680 3228
3680 3438
3680 3636
3680 3927
3680 3971
3681 469
3681 2148
3681 3637
3682 2559
3683 2195
3684 1273
3686 1462
3687 147
3687 287
3687 972
3687 2949
3690 287
3690 1904
3691 3947
3692 2561
3692 3462
3693 3947
3697 2488
3697 2604
3698 972
3698 1652
3698 1744
3698 2693
3698 2815
3698 3364
3700 135
3701 588
3701 3806
3702 3132
3704 336
3704 3100
3704 3489
3705 3196
3707 2478
3707 2563
3707 2694
3708 3500
3709 93
3709 3281
3710 1261
3710 3030
3710 3456
3710 3519
3712 798
3712 816
3712 999
3712 1012
3712 1753
3712 1939
3712 2341
3712 2463
3714 2
3714 86
3714 1322
3714 1469
3714 1952
3714 2207
3714 2674
3714 2678
3714 2731
3714 2860
3714 3041
3714 3115
3714 3196
3714 3249
3714 3767
3714 3891
3715 968
3715 1045
3715 1543
3715 2949
3720 1429
3721 2466
3722 126
3722 1251
3722 3473
3723 1278
3723 1341
3723 3778
3724 2411
3727 414
3727 1474
3727 3032
3729 1376
3730 1842
3730 4030
3731 3770
3732 3027
3734 192
3734 943
3734 1270
3734 2379
3734 3505
3737 251
3738 1490
3738 3256
3739 1293
3740 1464
3741 391
3741 2949
3741 2996
3742 1134
3742 3263
3743 2280
3743 2918
3744 545
3744 1569
3744 3061
3747 137
3748 287
3750 205
3750 276
3750 545
3750 816
3750 1064
3750 1176
3750 1276
3750 1361
3750 1375
3750 1575
3750 1661
3750 1705
3750 1755
3750 1903
3750 1975
3750 2677
3750 2693
3750 2979
3750 3027
3750 3047
3750 3297
3750 3364
3750 3501
3750 3622
3750 3780
3750 3791
3750 3971
3755 3392
3756 1885
3757 2906
3761 838
3761 3020
3763 279
3763 3013
3763 3476
3764 3298
3765 2122
3765 2670
3766 3907
3767 2
3767 2678
3767 3714
3767 3891
3770 1596
3770 1870
3770 3731
3771 2649
3772 2899
3772 3361
3774 2921
3774 3198
3774 3252
3777 1897
3777 2936
3777 3190
3778 3723
3779 3950
3780 741
3780 1276
3780 3501
3780 3614
3780 3750
3782 5
3782 828
3782 3979
3783 3802
3784 818
3784 905
3784 1236
3784 1653
3784 3395
3788 2237
3789 1498
3791 3750
3793 2694
3797 1333
3798 238
3799 115
3799 3933
3802 720
3802 2443
3802 2568
3802 3783
3805 1584
3805 2908
3806 588
3806 1177
3806 3701
3807 1149
3807 3166
3807 3255
3809 1040
3809 1454
3810 1334
3811 1580
3812 3456
3812 3530
3814 3063
3814 3391
3815 3252
3816 3536
3819 683
3820 1201
3821 1585
3821 2111
3821 3573
3823 513
3825 726
3825 1646
3825 3265
3826 2233
3827 300
3827 1799
3827 2726
3827 3172
3827 3856
3829 170
3830 736
3830 1621
3830 1740
3830 1743
3830 2005
3830 2388
3830 2919
3830 3066
3830 3103
3830 3414
3830 3513
3832 1606
3834 739
3836 3230
3837 147
3837 1476
3839 3358
3840 394
3840 830
3840 1697
3840 2092
3840 2584
3840 2599
3840 3290
3840 3970
3841 384
3841 968
3841 1556
3841 2949
3843 1843
3844 2666
3844 3194
3845 3311
3846 563
3846 2718
3846 2976
3847 137
3849 1518
3849 2439
3850 924
3851 3380
3853 147
3853 391
3854 2407
3855 1874
3855 2664
3856 2235
3856 3827
3857 3456
3858 1494
3859 3026
3861 1297
3865 562
3865 715
3866 499
3867 3201
3868 99
3868 338
3868 1255
3869 3671
3872 475
3873 343
3873 1529
3873 2546
3873 3033
3873 3522
3876 374
3876 1098
3877 725
3877 1107
3877 1677
3878 1107
3878 1717
3878 3361
3880 159
3880 1799
3881 2451
3882 3926
3883 2269
3884 2132
3884 2984
3884 3284
3885 1715
3885 3290
3886 3024
3886 3438
3887 545
3888 47
3888 1566
3888 1620
3888 2924
3889 1410
3891 2
3891 2678
3891 3714
3891 3767
3894 843
3894 883
3894 1063
3894 1934
3895 3079
3898 1508
3899 1084
3899 3050
3900 1336
3900 3061
3901 2762
3902 162
3902 826
3903 378
3903 444
3903 665
3903 1461
3903 1782
3904 3600
3905 1902
3905 3456
3907 3766
3908 2817
3908 3292
3908 3446
3908 3671
3909 962
3910 1063
3910 3381
3911 327
3914 541
3916 3667
3917 262
3917 2943
3917 3246
3917 4008
3922 67
3922 219
3922 1160
3922 1556
3922 2174
3922 3019
3923 720
3923 843
3923 1225
3923 1952
3923 2085
3923 2954
3926 2754
3926 3378
3926 3882
3927 71
3927 1094
3927 2781
3927 3650
3927 3680
3928 1060
3928 1752
3928 2381
3928 2900
3928 2966
3928 3104
3928 3241
3929 726
3931 1209
3933 115
3933 3799
3934 2214
3934 2359
3937 3628
3938 118
3938 1002
3940 1971
3942 601
3942 3645
3945 3567
3947 2935
3947 3691
3947 3693
3949 2012
3950 1421
3950 1580
3950 3779
3953 2228
3954 1226
3954 1600
3954 2532
3954 2876
3958 474
3958 3189
3958 3614
3959 259
3959 329
3959 1047
3959 1312
3959 1497
3959 2969
3959 3264
3960 2096
3962 793
3962 2315
3962 2921
3962 3136
3967 2451
3967 3347
3968 373
3968 624
3968 973
3968 1987
3968 2894
3969 1469
3969 2207
3970 1697
3970 2441
3970 3840
3971 205
3971 3680
3971 3750
3972 1719
3972 3467
3975 3231
3979 5
3979 1448
3979 3782
3981 391
3981 506
3981 751
3981 1849
3981 2702
3981 2707
3981 2819
3981 3054
3982 243
3984 813
3984 1771
3984 2146
3984 2185
3984 2498
3984 2606
3985 1222
3985 2823
3986 991
3986 3362
3990 480
3990 2863
3991 1401
3991 2687
3993 2316
3993 2922
3994 492
3994 545
3994 930
3994 996
3994 1430
3994 2466
3994 2673
3998 1420
4000 2274
4000 3161
4001 391
4001 751
4002 147
4002 205
4002 3644
4004 71
4004 3409
4005 788
4005 1008
4005 1678
4006 1379
4006 1596
4006 1870
4006 2066
4006 2606
4007 3134
4008 2161
4008 3246
4008 3917
4010 321
4010 564
4010 3248
4011 2368
4012 404
4012 1080
4012 2801
4013 2003
4015 1624
4015 1965
4015 3216
4015 3217
4018 779
4021 3637
4023 1500
4023 1582
4025 446
4025 545
4026 952
4026 1336
4026 1375
4026 3460
4027 1237
4028 3616
4029 2128
4030 3730
4032 1098
4032 1434
4032 2915
4033 1313
4033 1490
4033 1928
4033 2574
4033 2668
4033 3357
4034 3258
4041 747
4041 2865
4042 1838
4042 3490
4043 3336
4044 1743
4044 2388
4044 2658
4044 3158
4045 882
4045 3119
4046 3653
4047 709
4047 1165
4048 2866
4049 766
4054 244
4054 1285
4054 2201
4054 3006
